920683475
542761980
496180532
419237605
704816359
973520164
097145628
835701429
648312570
140965237
130295687
016543728
497058361
180925437
821436795
625197834
419735602
216908453
013245679
271065934
826140379
280436159
529730164
846523097
623594708
509427683
836124509
621854397
540893672
403925816
047219368
460827315
251497360
680549731
703654918
546902371
752016943
782659410
069385421
981607524
593628740
456239718
918762340
437065298
671480532
826435719
061542398
490621785
790512368
623980741
679085142
450863712
504268739
834520716
581470239
658127394
745608319
175403296
531960284
619430857
657930428
087462591
317825604
983647512
127680345
082513694
049735621
912458703
925684013
284539710
391487026
180967432
316490725
719638254
905871462
043587926
473026589
908623175
198574302
496082173
976125034
251708349
238157469
643879210
645109728
682075139
625418370
150263798
980627135
503967421
205749368
063981547
032945671
071863245
341527968
803751429
190854376
183972540
603285791
723695148
